001111111111111111
100001100000010000
000100000000000000
100000011000001000
001111111111111111
100001100000010000
000100000000010100
100000011000001000
001111111111111111
100001100000010000
000100000000101000
100000011000001000
001111111111111111
100001100000010000
000100000000111100
100000011000001000
000000000000000111
100001100000010000
000100000001010000
100000011000001000
000000000000000111
100001100000010000
000100000001100100
100000011000001000
000000000000000111
100001100000010000
000100000001111000
100000011000001000
000000000000000111
100001100000010000
000100000010001100
100000011000001000
000000000011111111
100001100000010000
000100000010100000
100000011000001000
000000000011111111
100001100000010000
000100000010110100
100000011000001000
000000000011111111
100001100000010000
000100000011001000
100000011000001000
000000000011111111
100001100000010000
000100000011011100
100000011000001000
000000000000000111
100001100000010000
000100000011110000
100000011000001000
000000000000000111
100001100000010000
000100000100000100
100000011000001000
000000000000000111
100001100000010000
000100000100011000
100000011000001000
000000000000000111
100001100000010000
000100000100101100
100000011000001000
000000000000000111
100001100000010000
000100000101000000
100000011000001000
000000000000000111
100001100000010000
000100000101010100
100000011000001000
000000000000000111
100001100000010000
000100000101101000
100000011000001000
000000000000000111
100001100000010000
000100000101111100
100000011000001000
001110000000011100
100001100000010000
000100000000000001
100000011000001000
001110000000011100
100001100000010000
000100000000010101
100000011000001000
001110000000011100
100001100000010000
000100000000101001
100000011000001000
001110000000011100
100001100000010000
000100000000111101
100000011000001000
001110000000011100
100001100000010000
000100000001010001
100000011000001000
001110000000011100
100001100000010000
000100000001100101
100000011000001000
001110000000011100
100001100000010000
000100000001111001
100000011000001000
001110000000011100
100001100000010000
000100000010001101
100000011000001000
001110000000011100
100001100000010000
000100000010100001
100000011000001000
001110000000011100
100001100000010000
000100000010110101
100000011000001000
001110000000011100
100001100000010000
000100000011001001
100000011000001000
001110000000011100
100001100000010000
000100000011011101
100000011000001000
001110000000011100
100001100000010000
000100000011110001
100000011000001000
001110000000011100
100001100000010000
000100000100000101
100000011000001000
001110000000011100
100001100000010000
000100000100011001
100000011000001000
001110000000011100
100001100000010000
000100000100101101
100000011000001000
000001111111100000
100001100000010000
000100000101000001
100000011000001000
000001111111100000
100001100000010000
000100000101010101
100000011000001000
000001111111100000
100001100000010000
000100000101101001
100000011000001000
000001111111100000
100001100000010000
000100000101111101
100000011000001000
000000111111111100
100001100000010000
000100000000000010
100000011000001000
000000111111111100
100001100000010000
000100000000010110
100000011000001000
000000111111111100
100001100000010000
000100000000101010
100000011000001000
000000111111111100
100001100000010000
000100000000111110
100000011000001000
000111000000011100
100001100000010000
000100000001010010
100000011000001000
000111000000011100
100001100000010000
000100000001100110
100000011000001000
000111000000011100
100001100000010000
000100000001111010
100000011000001000
000111000000011100
100001100000010000
000100000010001110
100000011000001000
000000111111111100
100001100000010000
000100000010100010
100000011000001000
000000111111111100
100001100000010000
000100000010110110
100000011000001000
000000111111111100
100001100000010000
000100000011001010
100000011000001000
000000111111111100
100001100000010000
000100000011011110
100000011000001000
000111000000011100
100001100000010000
000100000011110010
100000011000001000
000111000000011100
100001100000010000
000100000100000110
100000011000001000
000111000000011100
100001100000010000
000100000100011010
100000011000001000
000111000000011100
100001100000010000
000100000100101110
100000011000001000
000111000000011100
100001100000010000
000100000101000010
100000011000001000
000111000000011100
100001100000010000
000100000101010110
100000011000001000
000111000000011100
100001100000010000
000100000101101010
100000011000001000
000111000000011100
100001100000010000
000100000101111110
100000011000001000
000111000000011100
100001100000010000
000100000000000011
100000011000001000
000111000000011100
100001100000010000
000100000000010111
100000011000001000
000111000000011100
100001100000010000
000100000000101011
100000011000001000
000111000000011100
100001100000010000
000100000000111111
100000011000001000
000000111011100000
100001100000010000
000100000001010011
100000011000001000
000000111011100000
100001100000010000
000100000001100111
100000011000001000
000000111011100000
100001100000010000
000100000001111011
100000011000001000
000000111011100000
100001100000010000
000100000010001111
100000011000001000
000000001110000000
100001100000010000
000100000010100011
100000011000001000
000000001110000000
100001100000010000
000100000010110111
100000011000001000
000000001110000000
100001100000010000
000100000011001011
100000011000001000
000000001110000000
100001100000010000
000100000011011111
100000011000001000
000000001110000000
100001100000010000
000100000011110011
100000011000001000
000000001110000000
100001100000010000
000100000100000111
100000011000001000
000000001110000000
100001100000010000
000100000100011011
100000011000001000
000000001110000000
100001100000010000
000100000100101111
100000011000001000
000000001110000000
100001100000010000
000100000101000011
100000011000001000
000000001110000000
100001100000010000
000100000101010111
100000011000001000
000000001110000000
100001100000010000
000100000101101011
100000011000001000
000000001110000000
100001100000010000
000100000101111111
100000011000001000
